  time (s)              T(t) (K)              P(t) (Pa)           Kinetic En. (n.u.)     Potential En. (n.u.) Total En. (n.u.)
  0.0000e+00           99.95370370            0.00000000       29808.20154680           -0.00000821        29808.20153859 
  2.0000e-15           99.95370370            0.00000000       29808.20154680           -0.00000821        29808.20153859 
  4.0000e-15           99.95370370            0.00000000       29808.20154680           -0.00000821        29808.20153859 
  6.0000e-15           99.95370370            0.00000000       29808.20154680           -0.00000821        29808.20153859 
  8.0000e-15           99.95370370            0.00000000       29808.20154680           -0.00000821        29808.20153859 
  1.0000e-14           99.95370370            0.00000000       29808.20154680           -0.00000821        29808.20153859 
  1.2000e-14           99.95370370            0.00000000       29808.20154680           -0.00000821        29808.20153859 
  1.4000e-14           99.95370370            0.00000000       29808.20154680           -0.00000821        29808.20153859 
  1.6000e-14           99.95370370            0.00000000       29808.20154680           -0.00000821        29808.20153859 
  1.8000e-14           99.95370370            0.00000000       29808.20154680           -0.00000821        29808.20153859 
  2.0000e-14           99.95370370            0.00000000       29808.20154680           -0.00000821        29808.20153859 
  2.2000e-14           99.95370370            0.00000000       29808.20154680           -0.00000821        29808.20153859 
  2.4000e-14           99.95370370            0.00000000       29808.20154680           -0.00000821        29808.20153859 
  2.6000e-14           99.95370370            0.00000000       29808.20154680           -0.00000821        29808.20153859 
  2.8000e-14           99.95370370            0.00000000       29808.20154680           -0.00000821        29808.20153859 
  3.0000e-14           99.95370370            0.00000000       29808.20154680           -0.00000821        29808.20153859 
  3.2000e-14           99.95370370            0.00000000       29808.20154680           -0.00000821        29808.20153859 
  3.4000e-14           99.95370370            0.00000000       29808.20154680           -0.00000821        29808.20153859 
  3.6000e-14           99.95370370            0.00000000       29808.20154680           -0.00000821        29808.20153859 
  3.8000e-14           99.95370370            0.00000000       29808.20154680           -0.00000821        29808.20153859 
  4.0000e-14           99.95370370            0.00000000       29808.20154680           -0.00000821        29808.20153859 
  4.2000e-14           99.95370370            0.00000000       29808.20154680           -0.00000821        29808.20153859 
  4.4000e-14           99.95370370            0.00000000       29808.20154680           -0.00000821        29808.20153859 
  4.6000e-14           99.95370370            0.00000000       29808.20154680           -0.00000821        29808.20153859 
  4.8000e-14           99.95370370            0.00000000       29808.20154680           -0.00000821        29808.20153859 
  5.0000e-14           99.95370370            0.00000000       29808.20154680           -0.00000821        29808.20153859 
  5.2000e-14           99.95370370            0.00000000       29808.20154680           -0.00000821        29808.20153859 
  5.4000e-14           99.95370370            0.00000000       29808.20154680           -0.00000821        29808.20153859 
  5.6000e-14           99.95370370            0.00000000       29808.20154680           -0.00000821        29808.20153859 
  5.8000e-14           99.95370370            0.00000000       29808.20154680           -0.00000821        29808.20153859 
  6.0000e-14           99.95370370            0.00000000       29808.20154680           -0.00000821        29808.20153859 
  6.2000e-14           99.95370370            0.00000000       29808.20154680           -0.00000821        29808.20153859 
  6.4000e-14           99.9537037