  time (s)              T(t) (K)              P(t) (Pa)           Kinetic En. (n.u.)     Potential En. (n.u.) Total En. (n.u.)
  0.0000e+00           99.82304616            0.00000000        2276.12983954       -21170.98715572       -18894.85731619 
  5.0000e-15           99.43006643            0.00000000        2267.16925470       -21153.06528702       -18885.89603233 
  1.0000e-14           98.77588380            0.00000000        2252.25281323       -21123.22989994       -18870.97708670 
  1.5000e-14           97.86274191            0.00000000        2231.43167453       -21081.58269291       -18850.15101838 
  2.0000e-14           96.69420692            0.00000000        2204.78715238       -21028.28541040       -18823.49825802 
  2.5000e-14           95.27544708            0.00000000        2172.43709170       -20963.57259504       -18791.13550334 
  3.0000e-14           93.61359318            0.00000000        2134.54408609       -20887.76803066       -18753.22394457 
  3.5000e-14           91.71817531            0.00000000        2091.32543719       -20801.30468651       -18709.97924932 
  4.0000e-14           89.60162563            0.00000000        2043.06461894       -20704.74769972       -18661.68308078 
  4.5000e-14           87.27982724            0.00000000        1990.12379217       -20598.81950056       -18608.69570839 
  5.0000e-14           84.77267539            0.00000000        1932.95660142       -20484.42555900       -18551.46895757 
  5.5000e-14           82.10459940            0.00000000        1872.12007501       -20362.67840537       -18490.55833037 
  6.0000e-14           79.30497260            0.00000000        1808.28397361       -20234.91661524       -18426.63264163 
  6.5000e-14           76.40831815            0.00000000        1742.23548195       -20102.71452449       -18360.47904253 
  7.0000e-14           73.45420664            0.00000000        1674.87687468       -19967.87788271       -18293.00100803 
  7.5000e-14           70.48674794            0.00000000        1607.21392950       -19832.42090609       -18225.20697659 
  8.0000e-14           67.55361228            0.00000000        1540.33360634       -19698.52167178       -18158.18806544 
  8.5000e-14           64.70457698            0.00000000        1475.37090963       -19568.45562174       -18093.08471211 
  9.0000e-14           61.98967523            0.00000000        1413.46667893       -19444.51067120       -18031.04399227 
  9.5000e-14           59.45710104            0.00000000        1355.71981680       -19328.89102913       -17973.17121232 
  1.0000e-13           57.15107350            0.00000000        1303.13859138       -19223.61914723       -17920.48055585 
  1.0500e-13           55.10987046            0.00000000        1256.59580053       -19130.44550126       -17873.84970073 
  1.1000e-13           53.36420805            0.00000000        1216.79182305       -19050.77432635       -17833.98250330 
  1.1500e-13           51.93608655            0.00000000        1184.22830089       -18985.61080155       -17801.38250067 
  1.2000e-13           50.83816250            0.00000000        1159.19382452       -18935.53240251       -17776.33857799 
  1.2500e-13           50.07365433            0.00000000        1141.76177931       -18900.68470834       -17758.92292904 
  1.3000e-13           49.63674418            0.00000000        1131.79950848       -18880.79994910       -17749.00044063 
  1.3500e-13           49.51340384            0.00000000        1128.98714557       -18875.23497115       -17746.24782558 
  1.4000e-13           49.68254684            0.00000000        1132.84388447       -18883.02411988       -17750.18023541 
  1.4500e-13           50.11739509            0.00000000        1142.75914071       -18902.94190532       -17760.18276460 
  1.5000e-13           50.78694778            0.00000000        1158.02604452       -18933.57029332       -17775.54424880 
  1.5500e-13           51.65745157            0.00000000        1177.87496458       -18973.36599524       -17795.49103066 
  1.6000e-13           52.6937909